6802 6811 7489
6790 4336 4714
9775 692 8054
1167 4246 1703
928 5845 3042
9896 6870 1505
898 9249 3079
1089 3128 2103
8793 9089 9306
9747 6531 2879
7856 9445 3946
851 7582 4443
6615 8083 8389
7598 4724 7019
4926 1124 9495
165 3676 4686
8405 4157 6162
1544 1785 9750
8359 7799 7222
211 9123 2913
2329 1435 8560
628 927 675
560 8165 2437
7204 2457 8171
9393 7467 8742
2231 3360 9294
5065 7007 5284
4629 3397 4041
2294 7875 9132
2088 9344 7441
6171 6495 711
1375 6576 3560
3338 4051 7262
9110 1292 9821
7361 9553 8176
1238 6399 589
2260 4040 5236
3450 7279 8388
8819 1022 403
6067 2254 6584
7702 6297 9427
5955 6571 8620
6475 9862 4078
9909 772 7053
9934 3989 9769
271 2896 6565
3035 6583 9805
5191 5146 764
7177 3900 6676
5436 6293 4738
5510 4487 4065
3957 897 6931
3604 8887 8259
6827 395 2643
3610 1106 2244
7696 2647 1267
3749 6112 1046
6748 8955 3762
9317 7510 9070
8190 7689 860
5630 4980 3923
2858 3347 5433
9693 7818 1031
9178 9253 318
3424 8923 7438
2927 1576 978
2769 9419 4470
4412 5402 7612
1 3740 8972
8207 9148 4900
8 5961 3169
1930 8518 7398
20 2257 8604
4860 2830 1773
8488 171 229
6998 5252 2436
5613 542 725
3567 9998 7794
1476 2033 1041
7326 7669 9982
8986 4839 2649
1463 8860 643
7580 9721 7034
3664 3166 9738
9464 729 3582
8096 8346 8504
6080 6023 3720
6881 3432 3042
6646 6815 5364
8035 959 2679
9435 1726 1339
9045 1451 9606
6447 4458 410
7129 7228 269
3236 9655 2110
871 129 8075
2821 2772 2180
7270 6800 3899
9143 8686 4761
1195 6703 147
